0.254005517355 0 
0.173483016941 1 
0.130937164243 2 
0.104604652333 3 
0.086708851495 4 
0.0737657402696 5 
0.0639763191632 6 
0.0563171432306 7 
0.0501632747069 8 
0.0451118256019 9 
0.0408916182413 10 
0.0373135929018 11 
0.0342420139168 12 
0.0315769641329 13 
0.0292432860147 14 
0.0271833652384 15 
0.0253522891706 16 
0.0237145194255 17 
0.0222415559363 18 
0.0209102657307 19 
0.0197016666618 20 
0.0186000283685 21 
0.0175921981843 22 
0.0166670890291 23 
0.0158152856025 24 
0.0150287381185 25 
0.0143005216128 26 
0.0136246449302 27 
0.0129958977538 28 
0.0124097270588 29 
0.0118621365368 30 
0.0113496041153 31 
0.0108690138473 32 
0.0104175993042 33 
0.00999289624444 34 
0.00959270281409 35 
0.00921504590293 36 
0.00885815256297 37 
0.00852042561417 38 
0.00820042273267 39 
0.00789683845052 40 
0.00760848860139 41 
0.00733429683073 42 
0.00707328285591 43 
0.00682455221616 44 
0.00658728729546 45 
0.00636073943741 46 
0.00614422200015 47 
0.0059371042229 48 
0.00573880579608 49 
0.00554879204257 50 
0.0053665696318 51 
0.00519168275953 52 
0.00502370973551 53 
0.00486225992977 54 
0.00470697103437 55 
0.00455750660382 56 
0.00441355384196 57 
0.00427482160711 58 
0.00414103861138 59 
0.00401195179253 60 
0.00388732483978 61 
0.00376693685704 62 
0.00365058114924 63 
0.00353806411875 64 
0.00342920426082 65 
0.00332383124789 66 
0.00322178509402 67 
0.00312291539142 68 
0.00302708061219 69 
0.00293414746897 70 
0.00284399032882 71 
0.00275649067552 72 
0.00267153661559 73 
0.00258902242421 74 
0.00250884812729 75 
0.00243091911651 76 
0.00235514579444 77 
0.00228144324694 78 
0.00220973094073 79 
0.0021399324437 80 
0.00207197516618 81 
0.00200579012142 82 
0.00194131170351 83 
0.00187847748149 84 
0.00181722800823 85 
0.00175750664288 86 
0.00169925938579 87 
0.00164243472498 88 
0.00158698349316 89 
0.00153285873449 90 
0.0014800155804 91 
0.0014284111337 92 
0.00137800436029 93 
0.00132875598812 94 
0.00128062841255 95 
0.00123358560792 96 
0.00118759304467 97 
0.00114261761171 98 
0.00109862754363 99 
0.0010555923524 100 
0.00101348276324 101 
0.000972270654382 102 
0.000931929000454 103 
0.000892431819174 104 
0.000853754121225 105 
0.000815871863016 106 
0.000778761902174 107 
0.000742401955562 108 
0.000706770559674 109 
0.000671847033238 110 
0.000637611441885 111 
0.000604044564756 112 
0.000571127862917 113 
0.000538843449468 114 
0.000507174061242 115 
0.000476103031991 116 
0.000445614266973 117 
0.000415692218845 118 
0.000386321864791 119 
0.000357488684805 120 
0.000329178641065 121 
0.000301378158328 122 
0.00027407410529 123 
0.000247253776853 124 
0.000220904877245 125 
0.000195015503957 126 
0.000169574132422 127 
0.000144569601432 128 
0.000119991099218 129 
9.58281501802e-05 130 
7.20706022209e-05 131 
4.87086146476e-05 132 
2.57326466231e-05 133 
3.1334461263e-06 134 
-1.90979606002e-05 135 
-4.09702791409e-05 136 
-6.24919565621e-05 137 
-8.36711906511e-05 138 
-0.000104515938762 139 
-0.000125033926289 140 
-0.000145232654782 141 
-0.000165119409729 142 
-0.000184701268011 143 
-0.000203985105061 144 
-0.000222977601723 145 
-0.000241685250841 146 
-0.000260114363585 147 
-0.000278271075517 148 
-0.000296161352431 149 
-0.000313790995954 150 
-0.000331165648935 151 
-0.000348290800627 152 
-0.000365171791663 153 
-0.000381813818854 154 
-0.000398221939797 155 
-0.000414401077313 156 
-0.000430356023721 157 
-0.000446091444952 158 
-0.000461611884513 159 
-0.000476921767304 160 
-0.000492025403298 161 
-0.000506926991088 162 
-0.00052163062131 163 
-0.000536140279932 164 
-0.000550459851444 165 
-0.000564593121923 166 
-0.000578543781991 167 
-0.000592315429678 168 
-0.000605911573179 169 
-0.000619335633516 170 
-0.000632590947114 171 
-0.000645680768281 172 
-0.000658608271615 173 
-0.000671376554318 174 
-0.000683988638441 175 
-0.000696447473051 176 
-0.000708755936324 177 
-0.000720916837574 178 
-0.000732932919207 179 
-0.000744806858623 180 
-0.000756541270045 181 
-0.000768138706293 182 
-0.000779601660502 183 
-0.000790932567786 184 
-0.00080213380684 185 
-0.000813207701505 186 
-0.00082415652227 187 
-0.000834982487737 188 
-0.000845687766033 189 
-0.000856274476182 190 
-0.00086674468943 191 
-0.000877100430536 192 
-0.000887343679016 193 
-0.000897476370352 194 
-0.000907500397165 195 
-0.00091741761035 196 
-0.000927229820176 197 
-0.000936938797358 198 
-0.000946546274089 199 
-0.000956053945047 200 
-0.000965463468371 201 
-0.000974776466604 202 
-0.000983994527613 203 
-0.00099311920548 204 
-0.00100215202136 205 
-0.00101109446434 206 
-0.00101994799222 207 
-0.00102871403234 208 
-0.00103739398233 209 
-0.00104598921084 210 
-0.0010545010583 211 
-0.00106293083761 212 
-0.0010712798348 213 
-0.00107954930972 214 
-0.00108774049669 215 
-0.0010958546051 216 
-0.00110389282004 217 
-0.0011118563029 218 
-0.0011197461919 219 
-0.00112756360272 220 
-0.00113530962898 221 
-0.00114298534281 222 
-0.00115059179533 223 
-0.00115813001719 224 
-0.00116560101903 225 
-0.00117300579196 226 
-0.00118034530801 227 
-0.00118762052059 228 
-0.00119483236493 229 
-0.0012019817585 230 
-0.0012090696014 231 
-0.0012160967768 232 
-0.00122306415131 233 
-0.00122997257535 234 
-0.00123682288354 235 
-0.00124361589504 236 
-0.00125035241394 237 
-0.00125703322955 238 
-0.00126365911676 239 
-0.00127023083638 240 
-0.00127674913542 241 
-0.00128321474741 242 
-0.00128962839273 243 
-0.00129599077885 244 
-0.00130230260065 245 
-0.00130856454068 246 
-0.00131477726945 247 
-0.00132094144568 248 
-0.00132705771653 249 
-0.0013331267179 250 
-0.00133914907465 251 
-0.00134512540082 252 
-0.0013510562999 253 
-0.001356942365 254 
-0.00136278417914 255 
-0.00136858231541 256 
-0.00137433733719 257 
-0.00138004979838 258 
-0.00138572024357 259 
-0.00139134920823 260 
-0.00139693721895 261 
-0.00140248479355 262 
-0.00140799244131 263 
-0.00141346066315 264 
-0.00141888995178 265 
-0.00142428079185 266 
-0.00142963366016 267 
-0.0014349490258 268 
-0.00144022735029 269 
-0.00144546908774 270 
-0.00145067468502 271 
-0.00145584458186 272 
-0.00146097921105 273 
-0.00146607899853 274 
-0.00147114436354 275 
-0.00147617571876 276 
-0.00148117347042 277 
-0.00148613801847 278 
-0.00149106975662 279 
-0.00149596907256 280 
-0.00150083634799 281 
-0.0015056719588 282 
-0.00151047627514 283 
-0.00151524966154 284 
-0.00151999247703 285 
-0.00152470507522 286 
-0.00152938780444 287 
-0.0015340410078 288 
-0.00153866502331 289 
-0.00154326018395 290 
-0.00154782681782 291 
-0.00155236524815 292 
-0.00155687579347 293 
-0.00156135876763 294 
-0.00156581447994 295 
-0.00157024323522 296 
-0.00157464533387 297 
-0.00157902107201 298 
-0.00158337074147 299 
-0.00158769462995 300 
-0.00159199302104 301 
-0.00159626619432 302 
-0.00160051442542 303 
-0.0016047379861 304 
-0.0016089371443 305 
-0.00161311216422 306 
-0.00161726330638 307 
-0.00162139082772 308 
-0.00162549498158 309 
-0.00162957601786 310 
-0.00163363418299 311 
-0.00163766972008 312 
-0.00164168286888 313 
-0.00164567386592 314 
-0.00164964294452 315 
-0.00165359033486 316 
-0.00165751626402 317 
-0.00166142095605 318 
-0.00166530463201 319 
-0.00166916751001 320 
-0.0016730098053 321 
-0.00167683173025 322 
-0.00168063349447 323 
-0.0016844153048 324 
-0.00168817736539 325 
-0.00169191987772 326 
-0.00169564304067 327 
-0.00169934705053 328 
-0.00170303210106 329 
-0.00170669838355 330 
-0.00171034608683 331 
-0.00171397539729 332 
-0.00171758649899 333 
-0.00172117957363 334 
-0.00172475480062 335 
-0.00172831235711 336 
-0.00173185241802 337 
-0.00173537515608 338 
-0.00173888074186 339 
-0.00174236934381 340 
-0.00174584112829 341 
-0.0017492962596 342 
-0.00175273490002 343 
-0.00175615720983 344 
-0.00175956334735 345 
-0.00176295346895 346 
-0.00176632772911 347 
-0.00176968628043 348 
-0.00177302927367 349 
-0.00177635685775 350 
-0.00177966917982 351 
-0.00178296638524 352 
-0.00178624861767 353 
-0.001789516019 354 
-0.00179276872948 355 
-0.00179600688767 356 
-0.00179923063051 357 
-0.00180244009331 358 
-0.00180563540979 359 
-0.00180881671211 360 
-0.00181198413088 361 
-0.00181513779519 362 
-0.00181827783262 363 
-0.00182140436929 364 
-0.00182451752983 365 
-0.00182761743747 366 
-0.001830704214 367 
-0.00183377797982 368 
-0.00183683885394 369 
-0.00183988695405 370 
-0.00184292239646 371 
-0.00184594529617 372 
-0.00184895576691 373 
-0.00185195392108 374 
-0.00185493986986 375 
-0.00185791372315 376 
-0.00186087558962 377 
-0.00186382557676 378 
-0.00186676379083 379 
-0.00186969033692 380 
-0.00187260531896 381 
-0.00187550883973 382 
-0.00187840100088 383 
-0.00188128190293 384 
-0.00188415164532 385 
-0.00188701032638 386 
-0.00188985804339 387 
-0.00189269489254 388 
-0.00189552096901 389 
-0.00189833636693 390 
-0.00190114117942 391 
-0.00190393549859 392 
-0.00190671941557 393 
-0.00190949302052 394 
-0.00191225640261 395 
-0.00191500965007 396 
-0.00191775285021 397 
-0.00192048608938 398 
-0.00192320945305 399 
-0.00192592302576 400 
-0.00192862689118 401 
-0.00193132113207 402 
-0.00193400583036 403 
-0.0019366810671 404 
-0.00193934692249 405 
-0.00194200347591 406 
-0.00194465080591 407 
-0.00194728899021 408 
-0.00194991810575 409 
-0.00195253822866 410 
-0.0019551494343 411 
-0.00195775179724 412 
-0.00196034539129 413 
-0.00196293028952 414 
-0.00196550656423 415 
-0.001968074287 416 
-0.00197063352868 417 
-0.00197318435941 418 
-0.0019757268486 419 
-0.00197826106498 420 
-0.00198078707658 421 
-0.00198330495074 422 
-0.00198581475414 423 
-0.00198831655278 424 
-0.00199081041201 425 
-0.00199329639653 426 
-0.00199577457038 427 
-0.00199824499699 428 
-0.00200070773915 429 
-0.00200316285902 430 
-0.00200561041818 431 
-0.00200805047756 432 
-0.00201048309753 433 
-0.00201290833785 434 
-0.00201532625771 435 
-0.00201773691571 436 
-0.00202014036988 437 
-0.0020225366777 438 
-0.00202492589608 439 
-0.00202730808138 440 
-0.00202968328944 441 
-0.00203205157553 442 
-0.0020344129944 443 
-0.0020367676003 444 
-0.00203911544692 445 
-0.00204145658747 446 
-0.00204379107463 447 
-0.0020461189606 448 
-0.00204844029708 449 
-0.00205075513526 450 
-0.00205306352588 451 
-0.00205536551918 452 
-0.00205766116492 453 
-0.00205995051242 454 
-0.00206223361051 455 
-0.00206451050759 456 
-0.00206678125158 457 
-0.00206904588998 458 
-0.00207130446983 459 
-0.00207355703773 460 
-0.00207580363988 461 
-0.00207804432203 462 
-0.00208027912949 463 
-0.00208250810719 464 
-0.00208473129963 465 
-0.0020869487509 466 
-0.00208916050469 467 
-0.00209136660429 468 
-0.0020935670926 469 
-0.00209576201211 470 
-0.00209795140497 471 
-0.00210013531289 472 
-0.00210231377725 473 
-0.00210448683903 474 
-0.00210665453885 475 
-0.00210881691698 476 
-0.00211097401329 477 
-0.00211312586732 478 
-0.00211527251827 479 
-0.00211741400495 480 
-0.00211955036587 481 
-0.00212168163917 482 
-0.00212380786265 483 
-0.00212592907378 484 
-0.00212804530972 485 
-0.00213015660727 486 
-0.00213226300292 487 
-0.00213436453286 488 
-0.00213646123292 489 
-0.00213855313865 490 
-0.00214064028528 491 
-0.00214272270773 492 
-0.00214480044062 493 
-0.00214687351827 494 
-0.0021489419747 495 
-0.00215100584364 496 
-0.00215306515852 497 
-0.00215511995249 498 
-0.00215717025841 499 
-0.00215921610886 500 
-0.00216125753615 501 
-0.0021632945723 502 
-0.00216532724906 503 
-0.00216735559791 504 
-0.00216937965007 505 
-0.00217139943648 506 
-0.00217341498783 507 
-0.00217542633455 508 
-0.00217743350682 509 
-0.00217943653454 510 
-0.00218143544738 511 
-0.00218343027475 512 
-0.00218542104584 513 
-0.00218740778955 514 
-0.00218939053458 515 
-0.00219136930937 516 
-0.00219334414214 517 
-0.00219531506085 518 
-0.00219728209325 519 
-0.00219924526685 520 
-0.00220120460894 521 
-0.00220316014659 522 
-0.00220511190663 523 
-0.00220705991567 524 
-0.00220900420013 525 
-0.00221094478619 526 
-0.00221288169982 527 
-0.00221481496678 528 
-0.00221674461262 529 
-0.00221867066269 530 
-0.00222059314212 531 
-0.00222251207585 532 
-0.00222442748861 533 
-0.00222633940494 534 
-0.00222824784918 535 
-0.00223015284546 536 
-0.00223205441773 537 
-0.00223395258977 538 
-0.00223584738512 539 
-0.00223773882717 540 
-0.00223962693912 541 
-0.00224151174397 542 
-0.00224339326455 543 
-0.00224527152352 544 
-0.00224714654333 545 
-0.00224901834629 546 
-0.0022508869545 547 
-0.0022527523899 548 
-0.00225461467428 549 
-0.00225647382923 550 
-0.00225832987618 551 
-0.00226018283639 552 
-0.00226203273097 553 
-0.00226387958085 554 
-0.00226572340681 555 
-0.00226756422945 556 
-0.00226940206923 557 
-0.00227123694645 558 
-0.00227306888125 559 
-0.00227489789361 560 
-0.00227672400337 561 
-0.00227854723019 562 
-0.00228036759363 563 
-0.00228218511304 564 
-0.00228399980768 565 
-0.00228581169663 566 
-0.00228762079882 567 
-0.00228942713307 568 
-0.00229123071802 569 
-0.00229303157219 570 
-0.00229482971397 571 
-0.00229662516159 572 
-0.00229841793316 573 
-0.00230020804663 574 
-0.00230199551986 575 
-0.00230378037052 576 
-0.00230556261621 577 
-0.00230734227434 578 
-0.00230911936224 579 
-0.00231089389707 580 
-0.00231266589591 581 
-0.00231443537566 582 
-0.00231620235314 583 
-0.00231796684503 584 
-0.00231972886788 585 
-0.00232148843813 586 
-0.0023232455721 587 
-0.00232500028598 588 
-0.00232675259585 589 
-0.00232850251768 590 
-0.00233025006731 591 
-0.00233199526047 592 
-0.00233373811278 593 
-0.00233547863975 594 
-0.00233721685676 595 
-0.00233895277911 596 
-0.00234068642197 597 
-0.0023424178004 598 
-0.00234414692935 599 
-0.00234587382369 600 
-0.00234759849814 601 
-0.00234932096736 602 
-0.00235104124588 603 
-0.00235275934812 604 
-0.00235447528843 605 
-0.00235618908103 606 
-0.00235790074005 607 
-0.00235961027952 608 
-0.00236131771337 609 
-0.00236302305543 610 
-0.00236472631945 611 
-0.00236642751906 612 
-0.00236812666781 613 
-0.00236982377915 614 
-0.00237151886643 615 
-0.00237321194294 616 
-0.00237490302183 617 
-0.00237659211619 618 
-0.00237827923902 619 
-0.00237996440321 620 
-0.00238164762159 621 
-0.00238332890687 622 
-0.00238500827171 623 
-0.00238668572864 624 
-0.00238836129015 625 
-0.00239003496861 626 
-0.00239170677632 627 
-0.0023933767255 628 
-0.00239504482828 629 
-0.00239671109671 630 
-0.00239837554276 631 
-0.00240003817832 632 
-0.0024016990152 633 
-0.00240335806512 634 
-0.00240501533974 635 
-0.00240667085063 636 
-0.0024083246093 637 
-0.00240997662714 638 
-0.00241162691552 639 
-0.0024132754857 640 
-0.00241492234887 641 
-0.00241656751615 642 
-0.0024182109986 643 
-0.00241985280717 644 
-0.00242149295277 645 
-0.00242313144624 646 
-0.00242476829833 647 
-0.00242640351973 648 
-0.00242803712106 649 
-0.00242966911287 650 
-0.00243129950563 651 
-0.00243292830977 652 
-0.00243455553562 653 
-0.00243618119347 654 
-0.00243780529352 655 
-0.00243942784593 656 
-0.00244104886076 657 
-0.00244266834805 658 
-0.00244428631774 659 
-0.00244590277972 660 
-0.00244751774381 661 
-0.00244913121978 662 
-0.00245074321732 663 
-0.00245235374608 664 
-0.00245396281562 665 
-0.00245557043548 666 
-0.0024571766151 667 
-0.00245878136389 668 
-0.00246038469117 669 
-0.00246198660623 670 
-0.00246358711829 671 
-0.00246518623651 672 
-0.00246678397 673 
-0.00246838032781 674 
-0.00246997531892 675 
-0.00247156895228 676 
-0.00247316123676 677 
-0.0024747521812 678 
-0.00247634179436 679 
-0.00247793008496 680 
-0.00247951706166 681 
-0.00248110273308 682 
-0.00248268710777 683 
-0.00248427019424 684 
-0.00248585200094 685 
-0.00248743253626 686 
-0.00248901180857 687 
-0.00249058982616 688 
-0.00249216659727 689 
-0.00249374213011 690 
-0.00249531643283 691 
-0.00249688951352 692 
-0.00249846138024 693 
-0.00250003204099 694 
-0.00250160150372 695 
-0.00250316977634 696 
-0.00250473686671 697 
-0.00250630278264 698 
-0.0025078675319 699 
-0.0025094311222 700 
-0.00251099356123 701 
-0.0025125548566 702 
-0.0025141150159 703 
-0.00251567404666 704 
-0.00251723195639 705 
-0.00251878875253 706 
-0.00252034444248 707 
-0.00252189903361 708 
-0.00252345253324 709 
-0.00252500494863 710 
-0.00252655628703 711 
-0.00252810655563 712 
-0.00252965576157 713 
-0.00253120391197 714 
-0.00253275101388 715 
-0.00253429707433 716 
-0.00253584210032 717 
-0.00253738609878 718 
-0.00253892907662 719 
-0.0025404710407 720 
-0.00254201199785 721 
-0.00254355195485 722 
-0.00254509091845 723 
-0.00254662889537 724 
-0.00254816589227 725 
-0.00254970191578 726 
-0.00255123697251 727 
-0.002552771069 728 
-0.00255430421177 729 
-0.00255583640732 730 
-0.00255736766209 731 
-0.00255889798249 732 
-0.00256042737489 733 
-0.00256195584564 734 
-0.00256348340103 735 
-0.00256501004734 736 
-0.0025665357908 737 
-0.00256806063761 738 
-0.00256958459392 739 
-0.00257110766588 740 
-0.00257262985958 741 
-0.00257415118107 742 
-0.0025756716364 743 
-0.00257719123155 744 
-0.00257870997248 745 
-0.00258022786513 746 
-0.0025817449154 747 
-0.00258326112914 748 
-0.00258477651219 749 
-0.00258629107036 750 
-0.0025878048094 751 
-0.00258931773507 752 
-0.00259082985306 753 
-0.00259234116906 754 
-0.0025938516887 755 
-0.00259536141761 756 
-0.00259687036137 757 
-0.00259837852552 758 
-0.00259988591561 759 
-0.00260139253711 760 
-0.00260289839551 761 
-0.00260440349622 762 
-0.00260590784467 763 
-0.00260741144623 764 
-0.00260891430625 765 
-0.00261041643005 766 
-0.00261191782293 767 
-0.00261341849015 768 
-0.00261491843695 769 
-0.00261641766853 770 
-0.00261791619009 771 
-0.00261941400678 772 
-0.00262091112372 773 
-0.00262240754602 774 
-0.00262390327875 775 
-0.00262539832696 776 
-0.00262689269568 777 
-0.00262838638989 778 
-0.00262987941458 779 
-0.00263137177468 780 
-0.00263286347511 781 
-0.00263435452077 782 
-0.00263584491652 783 
-0.00263733466721 784 
-0.00263882377766 785 
-0.00264031225266 786 
-0.00264180009698 787 
-0.00264328731536 788 
-0.00264477391253 789 
-0.00264625989318 790 
-0.00264774526198 791 
-0.00264923002359 792 
-0.00265071418262 793 
-0.00265219774369 794 
-0.00265368071136 795 
-0.0026551630902 796 
-0.00265664488474 797 
-0.00265812609949 798 
-0.00265960673893 799 
-0.00266108680754 800 
-0.00266256630974 801 
-0.00266404524997 802 
-0.00266552363263 803 
-0.00266700146208 804 
-0.00266847874269 805 
-0.00266995547878 806 
-0.00267143167467 807 
-0.00267290733466 808 
-0.002674382463 809 
-0.00267585706395 810 
-0.00267733114174 811 
-0.00267880470057 812 
-0.00268027774463 813 
-0.00268175027808 814 
-0.00268322230508 815 
-0.00268469382974 816 
-0.00268616485617 817 
-0.00268763538846 818 
-0.00268910543067 819 
-0.00269057498684 820 
-0.00269204406101 821 
-0.00269351265719 822 
-0.00269498077935 823 
-0.00269644843146 824 
-0.00269791561749 825 
-0.00269938234135 826 
-0.00270084860696 827 
-0.00270231441821 828 
-0.00270377977898 829 
-0.00270524469313 830 
-0.00270670916448 831 
-0.00270817319686 832 
-0.00270963679408 833 
-0.00271109995991 834 
-0.00271256269812 835 
-0.00271402501246 836 
-0.00271548690665 837 
-0.00271694838443 838 
-0.00271840944946 839 
-0.00271987010545 840 
-0.00272133035604 841 
-0.00272279020488 842 
-0.0027242496556 843 
-0.00272570871181 844 
-0.0027271673771 845 
-0.00272862565505 846 
-0.00273008354921 847 
-0.00273154106314 848 
-0.00273299820036 849 
-0.00273445496438 850 
-0.00273591135869 851 
-0.00273736738678 852 
-0.00273882305211 853 
-0.00274027835812 854 
-0.00274173330825 855 
-0.00274318790592 856 
-0.00274464215451 857 
-0.00274609605743 858 
-0.00274754961804 859 
-0.00274900283968 860 
-0.00275045572572 861 
-0.00275190827945 862 
-0.00275336050421 863 
-0.00275481240327 864 
-0.00275626397993 865 
-0.00275771523744 866 
-0.00275916617905 867 
-0.00276061680801 868 
-0.00276206712753 869 
-0.00276351714082 870 
-0.00276496685108 871 
-0.00276641626147 872 
-0.00276786537517 873 
-0.00276931419533 874 
-0.00277076272509 875 
-0.00277221096756 876 
-0.00277365892586 877 
-0.00277510660308 878 
-0.0027765540023 879 
-0.0027780011266 880 
-0.00277944797902 881 
-0.00278089456261 882 
-0.00278234088041 883 
-0.00278378693541 884 
-0.00278523273063 885 
-0.00278667826906 886 
-0.00278812355367 887 
-0.00278956858743 888 
-0.00279101337328 889 
-0.00279245791416 890 
-0.00279390221301 891 
-0.00279534627273 892 
-0.00279679009622 893 
-0.00279823368638 894 
-0.00279967704607 895 
-0.00280112017816 896 
-0.00280256308551 897 
-0.00280400577094 898 
-0.0028054482373 899 
-0.00280689048739 900 
-0.00280833252402 901 
-0.00280977434997 902 
-0.00281121596804 903 
-0.00281265738098 904 
-0.00281409859156 905 
-0.00281553960251 906 
-0.00281698041658 907 
-0.00281842103648 908 
-0.00281986146492 909 
-0.00282130170461 910 
-0.00282274175823 911 
-0.00282418162846 912 
-0.00282562131797 913 
-0.0028270608294 914 
-0.00282850016541 915 
-0.00282993932863 916 
-0.00283137832168 917 
-0.00283281714716 918 
-0.00283425580769 919 
-0.00283569430586 920 
-0.00283713264423 921 
-0.00283857082538 922 
-0.00284000885188 923 
-0.00284144672626 924 
-0.00284288445106 925 
-0.00284432202882 926 
-0.00284575946205 927 
-0.00284719675325 928 
-0.00284863390494 929 
-0.00285007091958 930 
-0.00285150779966 931 
-0.00285294454764 932 
-0.00285438116599 933 
-0.00285581765715 934 
-0.00285725402355 935 
-0.00285869026763 936 
-0.0028601263918 937 
-0.00286156239848 938 
-0.00286299829006 939 
-0.00286443406892 940 
-0.00286586973746 941 
-0.00286730529804 942 
-0.00286874075303 943 
-0.00287017610476 944 
-0.0028716113556 945 
-0.00287304650786 946 
-0.00287448156389 947 
-0.00287591652598 948 
-0.00287735139645 949 
-0.0028787861776 950 
-0.00288022087171 951 
-0.00288165548106 952 
-0.00288309000793 953 
-0.00288452445458 954 
-0.00288595882325 955 
-0.0028873931162 956 
-0.00288882733565 957 
-0.00289026148385 958 
-0.002891695563 959 
-0.00289312957532 960 
-0.002894563523 961 
-0.00289599740825 962 
-0.00289743123324 963 
-0.00289886500016 964 
-0.00290029871117 965 
-0.00290173236843 966 
-0.00290316597409 967 
-0.00290459953031 968 
-0.0029060330392 969 
-0.00290746650291 970 
-0.00290889992355 971 
-0.00291033330324 972 
-0.00291176664407 973 
-0.00291319994815 974 
-0.00291463321756 975 
-0.00291606645438 976 
-0.00291749966068 977 
-0.00291893283854 978 
-0.00292036599 979 
-0.00292179911713 980 
-0.00292323222195 981 
-0.0029246653065 982 
-0.00292609837282 983 
-0.00292753142291 984 
-0.0029289644588 985 
-0.00293039748249 986 
-0.00293183049598 987 
-0.00293326350124 988 
-0.00293469650028 989 
-0.00293612949507 990 
-0.00293756248756 991 
-0.00293899547973 992 
-0.00294042847353 993 
-0.0029418614709 994 
-0.00294329447379 995 
-0.00294472748413 996 
-0.00294616050385 997 
-0.00294759353486 998 
-0.00294902657908 999 
